344 scaffold-39 473700 671256
344 scaffold-67 547776 759518
0 001501F-pilon 15973 26738
0 001931F-pilon 1922 13130
346 scaffold-4 2675655 2744018
346 scaffold-5 3669512 3694080
347 scaffold-4 54180 104297
347 scaffold-5 2052965 2127447
340 scaffold-37 1427378 1650526
340 scaffold-87 770653 882753
341 scaffold-37 1758845 1914782
341 scaffold-87 640061 770653
342 scaffold-37 1291391 1407614
342 scaffold-87 907599 939269
343 scaffold-37 820696 931635
343 scaffold-99 332407 418198
348 scaffold-4 1322565 1429148
348 scaffold-8 77275 173860
349 scaffold-4 2985486 3022502
349 scaffold-94 1 35876
298 scaffold-30 354006 461331
298 scaffold-87 1403519 1441340
299 scaffold-30 88956 107486
299 scaffold-898 4850 21728
296 scaffold-30 1144760 1455697
296 scaffold-6 2338029 2477043
297 scaffold-30 693586 1056755
297 scaffold-6 2191085 2311259
294 scaffold-30 227348 316164
294 scaffold-5 425336 471026
295 scaffold-30 67405 213384
295 scaffold-59 520164 679618
292 scaffold-3 872331 915427
292 scaffold-39 62562 115532
293 scaffold-3 695497 742869
293 scaffold-77 239301 283385
290 scaffold-29 327088 370135
290 scaffold-50 99509 140086
291 scaffold-29 177677 251344
291 scaffold-82 832372 882180
199 scaffold-176 401 42802
199 scaffold-53 2290836 2333590
198 scaffold-172 169896 220369
198 scaffold-49 439184 519627
195 scaffold-17 741147 773720
195 scaffold-87 1965631 2011769
194 scaffold-17 1080891 1157069
194 scaffold-7 364158 461123
197 scaffold-171 88819 160293
197 scaffold-34 361752 435646
196 scaffold-170 54484 88204
196 scaffold-4 119605 160114
191 scaffold-17 1325184 1368923
191 scaffold-57 321079 366876
190 scaffold-17 7487 211281
190 scaffold-35 791799 1008973
193 scaffold-17 893705 1075407
193 scaffold-7 239186 444062
192 scaffold-17 540080 608343
192 scaffold-6 24844 96316
270 scaffold-25 2454408 2642039
270 scaffold-4 282731 599507
271 scaffold-25 2167255 2371614
271 scaffold-4 895941 1161274
272 scaffold-25 2383130 2441110
272 scaffold-4 678715 830259
273 scaffold-25 2035716 2155815
273 scaffold-5 3120318 3270271
274 scaffold-25 3009172 3135950
274 scaffold-89 1421840 1623364
275 scaffold-26 567439 636285
275 scaffold-26 667179 752780
276 scaffold-26 880478 898309
276 scaffold-41 314220 329739
277 scaffold-26 1888812 1959617
277 scaffold-42 597186 651992
278 scaffold-26 353582 384443
278 scaffold-55 174038 211379
279 scaffold-27 66624 109257
279 scaffold-27 139505 187625
449 scaffold-80 1293450 1362610
449 scaffold-902 1138 31683
448 scaffold-80 1478750 1618980
448 scaffold-90 7670 36657
443 scaffold-77 1720027 1764976
443 scaffold-947 4704 48093
442 scaffold-77 3341594 3383589
442 scaffold-942 3870 47778
441 scaffold-77 1698332 1833869
441 scaffold-93 395392 540850
440 scaffold-77 1560745 1654348
440 scaffold-93 223112 290622
447 scaffold-80 843954 937583
447 scaffold-82 1143269 1213691
446 scaffold-78 134692 234259
446 scaffold-89 998939 1127760
445 scaffold-77 1952843 2132620
445 scaffold-97 143007 300019
444 scaffold-77 2823639 2885159
444 scaffold-951 1400 41391
108 scaffold-13 319492 343490
108 scaffold-930 5283 34503
109 scaffold-130 278064 410451
109 scaffold-27 359457 432015
102 scaffold-13 117715 159603
102 scaffold-168 377 39413
103 scaffold-13 1034023 1300468
103 scaffold-40 115243 430863
100 scaffold-13 390876 465787
100 scaffold-13 476992 563511
101 scaffold-13 1277825 1353058
101 scaffold-139 142602 202659
106 scaffold-13 524855 760914
106 scaffold-9 65323 363444
107 scaffold-13 258753 377126
107 scaffold-9 394031 589093
104 scaffold-13 1420248 1579248
104 scaffold-40 457074 675530
105 scaffold-13 117715 222419
105 scaffold-77 2621264 2878447
39 scaffold-106 1188635 1235990
39 scaffold-8 1043797 1124867
38 scaffold-106 1442647 1509658
38 scaffold-76 247449 362237
33 scaffold-105 227017 247816
33 scaffold-900 4246 29177
32 scaffold-105 144969 253012
32 scaffold-7 3776 139370
31 scaffold-105 554554 637321
31 scaffold-2 1093823 1178973
30 scaffold-105 507427 629531
30 scaffold-184 177109 251931
37 scaffold-106 766521 1092908
37 scaffold-63 2486569 2758342
36 scaffold-106 1290736 1361184
36 scaffold-5 12026 134653
35 scaffold-106 377087 472249
35 scaffold-12 626933 740742
34 scaffold-106 1690487 1727026
34 scaffold-109 200292 250423
438 scaffold-77 3072278 3122676
438 scaffold-91 1001728 1022318
439 scaffold-77 1206336 1438483
439 scaffold-93 42 159885
436 scaffold-77 2942063 2961810
436 scaffold-77 2988888 3034938
437 scaffold-77 2913504 2968007
437 scaffold-77 2988888 3016094
434 scaffold-76 316125 385838
434 scaffold-92 404878 483001
435 scaffold-77 790820 850615
435 scaffold-77 851172 926648
432 scaffold-75 154340 348211
432 scaffold-90 111493 224413
433 scaffold-76 418857 504181
433 scaffold-82 1327891 1349511
430 scaffold-73 240452 279624
430 scaffold-78 41132 73589
431 scaffold-73 458261 487528
431 scaffold-81 715350 742905
339 scaffold-37 429117 470756
339 scaffold-37 493776 524184
338 scaffold-37 861813 875453
338 scaffold-37 878374 895908
335 scaffold-36 3607875 3640961
335 scaffold-918 2856 38150
334 scaffold-36 174519 228641
334 scaffold-8 608011 654432
337 scaffold-36 2803485 2812208
337 scaffold-948 759 41307
336 scaffold-36 932233 981198
336 scaffold-935 5049 45583
331 scaffold-36 652346 809522
331 scaffold-5 1191105 1288817
330 scaffold-36 841605 1112457
330 scaffold-4 1592672 1831653
333 scaffold-36 4183115 4235763
333 scaffold-57 24037 88308
332 scaffold-36 3806860 4129292
332 scaffold-57 88308 310863
345 scaffold-39 943489 1049884
345 scaffold-7 1722543 1937496
6 scaffold-10 694906 746922
6 scaffold-73 28601 73224
99 scaffold-129 57281 146086
99 scaffold-24 99590 251173
98 scaffold-128 1012152 1037495
98 scaffold-80 1878458 1897920
91 scaffold-124 452172 483244
91 scaffold-124 488004 516790
90 scaffold-123 2265645 2333118
90 scaffold-90 510649 568689
93 scaffold-125 3549 65827
93 scaffold-63 2278976 2351890
92 scaffold-125 83285 266726
92 scaffold-57 650752 801352
95 scaffold-127 5858 106423
95 scaffold-23 2 102561
94 scaffold-126 11280 90864
94 scaffold-78 625010 714956
97 scaffold-128 1197859 1268983
97 scaffold-66 544311 621050
96 scaffold-127 11579 276587
96 scaffold-63 1237249 1364608
238 scaffold-2 253582 273447
238 scaffold-6 514181 533165
239 scaffold-2 2964054 2997589
239 scaffold-86 585103 632736
234 scaffold-2 561456 809055
234 scaffold-5 3355229 3462603
235 scaffold-2 869693 930398
235 scaffold-5 3482128 3577189
236 scaffold-2 1678166 1830353
236 scaffold-5 607051 673623
237 scaffold-2 198110 230973
237 scaffold-55 62364 108462
230 scaffold-2 1237299 1291131
230 scaffold-2 1319262 1371119
231 scaffold-2 1591118 1649653
231 scaffold-2 1914416 1969233
232 scaffold-2 3256497 3357119
232 scaffold-20 77884 165170
233 scaffold-2 1643 69947
233 scaffold-47 69022 163793
1 scaffold-1 173806 245739
1 scaffold-16 1030518 1080881
146 scaffold-144 9166 47184
146 scaffold-48 261153 305067
147 scaffold-145 291142 378935
147 scaffold-177 248 113135
144 scaffold-142 70058 265713
144 scaffold-25 1591026 1753751
145 scaffold-144 70600 87159
145 scaffold-144 87367 107550
142 scaffold-142 289264 316233
142 scaffold-181 110605 138817
143 scaffold-142 205928 260324
143 scaffold-25 1589934 1605387
140 scaffold-141 48557 263948
140 scaffold-3 1522002 1639385
141 scaffold-141 761363 816750
141 scaffold-41 2526347 2569979
148 scaffold-145 2556 326049
148 scaffold-36 2429302 2992359
149 scaffold-145 365842 427666
149 scaffold-36 3088386 3214492
133 scaffold-14 5612 106094
133 scaffold-80 851735 944613
132 scaffold-14 1482796 1518460
132 scaffold-77 1031748 1042377
131 scaffold-14 63738 185026
131 scaffold-68 3 54084
130 scaffold-14 1193553 1220928
130 scaffold-5 262645 285324
137 scaffold-140 24406 130251
137 scaffold-200 13964 39544
136 scaffold-140 83302 139387
136 scaffold-200 2610 39544
135 scaffold-14 570687 615201
135 scaffold-914 1 20047
134 scaffold-14 1 53356
134 scaffold-82 1143269 1213691
139 scaffold-140 130251 181699
139 scaffold-200 9612 39544
138 scaffold-140 79731 144633
138 scaffold-200 3 38451
24 scaffold-104 1075266 1167712
24 scaffold-57 1356876 1410329
25 scaffold-104 1175052 1269140
25 scaffold-57 1461890 1515882
26 scaffold-104 168169 234614
26 scaffold-79 545999 642935
27 scaffold-104 528052 639835
27 scaffold-86 500919 632736
20 scaffold-104 765781 789399
20 scaffold-16 1030518 1050967
21 scaffold-104 346965 529831
21 scaffold-2 2994627 3225465
22 scaffold-104 1529210 1696381
22 scaffold-2 1846213 2014640
23 scaffold-104 645193 776184
23 scaffold-33 3419908 3677793
28 scaffold-104 1450577 1508995
28 scaffold-956 1 68884
29 scaffold-105 748523 957866
29 scaffold-113 1793740 1959268
407 scaffold-60 723260 837209
407 scaffold-85 255911 378387
406 scaffold-60 968596 1018064
406 scaffold-80 1726720 1808818
405 scaffold-60 1389297 1490531
405 scaffold-74 289126 418111
404 scaffold-60 1923 98520
404 scaffold-60 850350 946640
403 scaffold-6 2495328 2521765
403 scaffold-89 451942 474395
402 scaffold-6 218519 533165
402 scaffold-89 380672 474395
401 scaffold-6 1972386 1989885
401 scaffold-845 333 17021
400 scaffold-6 168724 218519
400 scaffold-7 3035943 3098323
409 scaffold-62 76563 112278
409 scaffold-950 5394 55375
408 scaffold-61 913942 1167432
408 scaffold-88 187137 489966
379 scaffold-51 599666 1013545
379 scaffold-82 912640 1114824
378 scaffold-51 864134 1013545
378 scaffold-66 871266 955413
371 scaffold-5 711108 949073
371 scaffold-63 2315399 2458227
370 scaffold-5 2938373 3063304
370 scaffold-60 403326 457651
373 scaffold-5 1477 17122
373 scaffold-8 1361786 1377421
372 scaffold-5 1341942 1365610
372 scaffold-71 1122775 1148883
375 scaffold-5 1410912 1499894
375 scaffold-89 870185 970745
374 scaffold-5 952110 998270
374 scaffold-846 8201 15547
377 scaffold-50 523452 648415
377 scaffold-7 370375 466374
376 scaffold-50 500510 667293
376 scaffold-59 1918355 1971109
393 scaffold-57 1107159 1183880
393 scaffold-57 1193937 1257094
392 scaffold-54 95398 269885
392 scaffold-59 1998395 2081107
88 scaffold-123 834863 1500813
88 scaffold-71 374514 1097248
89 scaffold-123 1655400 1974799
89 scaffold-77 591258 1039937
397 scaffold-59 712593 867822
397 scaffold-96 94186 327411
396 scaffold-59 1864382 1916235
396 scaffold-95 5135 128284
395 scaffold-59 2304713 2348994
395 scaffold-59 2351336 2386650
394 scaffold-58 666677 720871
394 scaffold-89 883571 934478
82 scaffold-12 821920 963681
82 scaffold-99 418198 535990
83 scaffold-121 9060 220580
83 scaffold-28 629450 810341
80 scaffold-12 1874745 1914880
80 scaffold-66 798235 858977
81 scaffold-12 2136415 2457488
81 scaffold-87 1121129 1385294
86 scaffold-123 2000771 2071171
86 scaffold-132 120251 215339
87 scaffold-123 1610200 1659943
87 scaffold-14 1393150 1516633
84 scaffold-121 268612 427194
84 scaffold-57 410427 541149
85 scaffold-122 44723 89302
85 scaffold-41 2263013 2292882
7 scaffold-100 880327 905213
7 scaffold-108 331373 402702
245 scaffold-20 3589712 3692637
245 scaffold-36 1739841 1973418
244 scaffold-20 339735 397497
244 scaffold-35 1756976 1795933
247 scaffold-20 2037144 2287427
247 scaffold-52 316922 630972
246 scaffold-20 3304071 3434241
246 scaffold-39 1345012 1573249
241 scaffold-20 3774481 3818068
241 scaffold-31 996846 1061868
240 scaffold-20 2788211 2837243
240 scaffold-20 2840136 2890809
243 scaffold-20 722102 777681
243 scaffold-35 1466047 1512154
242 scaffold-20 2438846 2532322
242 scaffold-33 2041187 2140834
249 scaffold-20 2622362 2678238
249 scaffold-61 2253531 2277130
248 scaffold-20 2107016 2359997
248 scaffold-52 624068 789541
458 scaffold-878 216 20129
458 scaffold-970 49304 68818
459 scaffold-90 173539 238757
459 scaffold-90 242563 336050
450 scaffold-81 262070 298377
450 scaffold-81 319432 361020
451 scaffold-82 355962 404202
451 scaffold-82 406944 448927
452 scaffold-82 791802 816826
452 scaffold-886 3 18855
453 scaffold-82 491254 546951
453 scaffold-959 3289 69944
454 scaffold-84 357232 478720
454 scaffold-89 47811 83632
455 scaffold-86 414871 452984
455 scaffold-965 1603 77896
456 scaffold-87 313902 343721
456 scaffold-87 349015 376464
457 scaffold-87 1807633 1902995
457 scaffold-98 785081 847113
179 scaffold-16 237856 265547
179 scaffold-42 610985 676892
178 scaffold-16 21010 113930
178 scaffold-42 610985 785765
177 scaffold-16 252395 324869
177 scaffold-26 1819128 1975755
176 scaffold-16 101153 163278
176 scaffold-26 1821454 1975755
175 scaffold-16 696048 762736
175 scaffold-178 8212 98000
174 scaffold-16 84546 166952
174 scaffold-16 236053 323297
173 scaffold-159 101401 135715
173 scaffold-937 12971 47571
172 scaffold-158 4935 62064
172 scaffold-7 1499293 1559417
171 scaffold-156 19711 190185
171 scaffold-40 1388342 1493016
170 scaffold-154 11340 36799
170 scaffold-60 1224671 1252709
253 scaffold-201 35691 55008
253 scaffold-8 939473 981287
182 scaffold-164 112301 417106
182 scaffold-36 3283235 3602894
183 scaffold-164 447640 503209
183 scaffold-36 3683326 3785074
180 scaffold-161 4841 52096
180 scaffold-43 1836471 1881081
181 scaffold-163 553 102896
181 scaffold-59 352341 422079
186 scaffold-167 215259 309799
186 scaffold-173 16459 80859
187 scaffold-168 361805 390249
187 scaffold-29 511397 546021
184 scaffold-164 7159 88747
184 scaffold-81 684809 810054
185 scaffold-166 51506 135751
185 scaffold-69 568110 703073
188 scaffold-168 377 385879
188 scaffold-77 2201382 2781198
189 scaffold-17 1019135 1072273
189 scaffold-17 1080891 1128549
11 scaffold-100 529358 555181
11 scaffold-81 171966 203017
10 scaffold-100 613880 821202
10 scaffold-20 4033602 4089225
13 scaffold-101 511719 575019
13 scaffold-63 1516084 1590655
12 scaffold-101 657640 746187
12 scaffold-111 365765 478418
15 scaffold-102 213140 257601
15 scaffold-82 1743010 1882489
14 scaffold-102 2229 141438
14 scaffold-51 176803 522788
17 scaffold-104 74574 123013
17 scaffold-104 126720 164187
16 scaffold-102 415235 489910
16 scaffold-967 14120 82738
19 scaffold-104 1348173 1364193
19 scaffold-13 497681 511807
18 scaffold-104 858326 969297
18 scaffold-106 148673 235461
62 scaffold-113 914037 939496
62 scaffold-883 253 24165
322 scaffold-33 2177093 2265315
322 scaffold-969 2079 87563
323 scaffold-35 280228 399375
323 scaffold-56 20950 146429
320 scaffold-33 2233598 2344032
320 scaffold-91 112118 223215
321 scaffold-33 2897797 2922973
321 scaffold-910 4610 28126
326 scaffold-35 526609 559798
326 scaffold-63 2156408 2210425
327 scaffold-35 415667 484396
327 scaffold-7 523194 640908
324 scaffold-35 1817634 2060884
324 scaffold-61 428167 865279
325 scaffold-35 2081724 2228705
325 scaffold-61 25120 309398
328 scaffold-36 2016200 2067475
328 scaffold-36 2071224 2117113
329 scaffold-36 2305149 2359134
329 scaffold-36 2368201 2444610
201 scaffold-177 248 37824
201 scaffold-36 2915254 2992359
200 scaffold-176 53803 98980
200 scaffold-61 1628294 1657655
203 scaffold-180 423 118326
203 scaffold-2 809055 889076
202 scaffold-18 1000650 1058055
202 scaffold-36 778673 816097
205 scaffold-183 125740 184516
205 scaffold-95 1065870 1133873
204 scaffold-182 76027 147669
204 scaffold-20 4086398 4143169
207 scaffold-185 85440 174684
207 scaffold-57 982620 1107159
206 scaffold-184 138051 257328
206 scaffold-2 1065844 1221724
209 scaffold-187 290014 328461
209 scaffold-26 410750 446073
208 scaffold-187 217037 328461
208 scaffold-25 1284524 1430080
77 scaffold-12 508673 562549
77 scaffold-29 444082 511397
76 scaffold-12 1047923 1102472
76 scaffold-2 2836390 2900480
75 scaffold-12 409615 439291
75 scaffold-17 698651 732342
74 scaffold-119 172924 268037
74 scaffold-8 449940 604269
73 scaffold-119 851802 874972
73 scaffold-5 3120318 3143769
72 scaffold-119 207171 386804
72 scaffold-41 81197 246074
71 scaffold-119 647249 851802
71 scaffold-25 1891484 2035716
70 scaffold-118 365965 486397
70 scaffold-86 678725 803034
79 scaffold-12 937245 1196708
79 scaffold-66 1016248 1155499
78 scaffold-12 1267857 1524524
78 scaffold-66 1159815 1281785
2 scaffold-1 205257 245739
2 scaffold-188 8731 59212
8 scaffold-100 868985 908978
8 scaffold-19 756416 792276
68 scaffold-118 1121626 1152873
68 scaffold-51 526601 569713
120 scaffold-138 78412 120945
120 scaffold-72 220461 294207
121 scaffold-138 146368 212513
121 scaffold-8 516976 572055
122 scaffold-139 33883 126917
122 scaffold-2 1060226 1124876
123 scaffold-139 362232 392033
123 scaffold-2 1321888 1371119
124 scaffold-139 362232 402632
124 scaffold-2 1239924 1313051
125 scaffold-139 407355 457719
125 scaffold-40 719588 763921
126 scaffold-14 247029 295219
126 scaffold-14 323245 379118
127 scaffold-14 1299678 1363027
127 scaffold-156 159986 211756
128 scaffold-14 1241064 1292235
128 scaffold-21 131 66310
129 scaffold-14 1236235 1289527
129 scaffold-27 832239 861027
414 scaffold-63 1700987 1737040
414 scaffold-65 1303869 1376188
415 scaffold-63 1431478 1503579
415 scaffold-961 1851 65826
416 scaffold-64 604471 738400
416 scaffold-90 356378 445577
417 scaffold-66 871266 955413
417 scaffold-82 912640 973662
410 scaffold-63 629838 674108
410 scaffold-63 675831 708132
411 scaffold-63 3273825 3311622
411 scaffold-63 3355407 3393494
412 scaffold-63 320423 339781
412 scaffold-63 347351 358915
413 scaffold-63 1903647 1937201
413 scaffold-63 1937201 1980500
418 scaffold-67 1 27789
418 scaffold-82 739624 775322
419 scaffold-67 481267 502379
419 scaffold-873 750 22093
319 scaffold-33 2368963 2735421
319 scaffold-91 175321 609108
318 scaffold-33 434793 483043
318 scaffold-7 2792905 2854095
313 scaffold-33 965227 1083460
313 scaffold-63 3570300 3684262
312 scaffold-33 1887274 1898814
312 scaffold-33 1935224 1947708
311 scaffold-33 2283244 2360549
311 scaffold-33 2366689 2454672
310 scaffold-33 3225261 3294651
310 scaffold-33 3316085 3377814
317 scaffold-33 1352612 1548732
317 scaffold-63 3183105 3300921
316 scaffold-33 1622085 1765770
316 scaffold-63 3070943 3177222
315 scaffold-33 739488 1023472
315 scaffold-63 3605448 3808712
314 scaffold-33 1045867 1368965
314 scaffold-63 3368674 3618706
3 scaffold-1 29888 59425
3 scaffold-74 182928 215190
368 scaffold-5 2285284 2326902
368 scaffold-5 2334307 2390557
369 scaffold-5 2677337 2830058
369 scaffold-60 250580 325565
366 scaffold-5 2109480 2177152
366 scaffold-5 2191172 2247729
367 scaffold-5 1841049 1872320
367 scaffold-5 1884038 1913309
364 scaffold-48 74366 179727
364 scaffold-99 29549 116264
365 scaffold-49 3 57644
365 scaffold-68 826138 886765
362 scaffold-46 3 193351
362 scaffold-47 446293 567502
363 scaffold-48 1295183 1342890
363 scaffold-80 1059 57743
360 scaffold-45 151136 305756
360 scaffold-53 756927 869219
361 scaffold-45 108125 154476
361 scaffold-963 5991 61842
380 scaffold-51 141342 196869
380 scaffold-82 1590618 1632616
381 scaffold-52 549633 630972
381 scaffold-52 638173 700520
382 scaffold-53 2424990 2517401
382 scaffold-53 2528575 2623400
383 scaffold-53 228979 280391
383 scaffold-53 290152 333317
384 scaffold-53 812512 843225
384 scaffold-53 849158 881548
385 scaffold-53 530647 559803
385 scaffold-53 587535 651202
386 scaffold-53 881548 933861
386 scaffold-57 1897813 1940950
387 scaffold-53 1549309 1628551
387 scaffold-59 1780669 1853588
388 scaffold-53 564830 577160
388 scaffold-7 2708900 2715783
389 scaffold-53 564830 577160
389 scaffold-831 6090 15734
60 scaffold-113 1394592 1570138
60 scaffold-5 1771095 1975993
61 scaffold-113 306609 379998
61 scaffold-61 2035059 2128007
258 scaffold-21 627715 678779
258 scaffold-40 1452710 1496321
259 scaffold-22 126697 164522
259 scaffold-22 174200 212858
64 scaffold-114 172219 217833
64 scaffold-128 52362 114255
65 scaffold-117 145602 361170
65 scaffold-36 2153643 2349900
66 scaffold-117 617614 774956
66 scaffold-42 929088 1099277
67 scaffold-117 835685 867117
67 scaffold-42 1143636 1199348
252 scaffold-20 290371 317306
252 scaffold-885 1 29138
69 scaffold-118 544543 925867
69 scaffold-61 1335977 1515439
250 scaffold-20 1103092 1227135
250 scaffold-82 392182 526625
251 scaffold-20 2589779 2615941
251 scaffold-874 110 23454
256 scaffold-21 131 71921
256 scaffold-27 812243 858888
257 scaffold-21 471103 570545
257 scaffold-37 1128066 1264706
254 scaffold-204 729 81582
254 scaffold-77 1563048 1630378
255 scaffold-207 162 16950
255 scaffold-207 18427 29903
465 scaffold-97 1606 55772
465 scaffold-97 101563 164653
464 scaffold-95 14493 180439
464 scaffold-98 816 83827
466 scaffold-98 620005 674572
466 scaffold-98 675696 716839
461 scaffold-927 1283 46838
461 scaffold-98 274581 318745
460 scaffold-927 1283 41598
460 scaffold-95 701341 793040
463 scaffold-95 263565 761815
463 scaffold-98 50913 324545
462 scaffold-95 2736 36719
462 scaffold-953 1 63653
168 scaffold-153 8910 83078
168 scaffold-64 254 141589
169 scaffold-154 11340 117909
169 scaffold-25 128264 165210
164 scaffold-151 213645 307540
164 scaffold-87 939269 1011991
165 scaffold-152 302814 339385
165 scaffold-35 1754075 1780076
166 scaffold-152 138755 177704
166 scaffold-63 2080898 2118238
167 scaffold-153 108018 283593
167 scaffold-6 1878873 2111915
160 scaffold-15 1208810 1302093
160 scaffold-7 2929339 3015518
161 scaffold-15 458368 575809
161 scaffold-92 226423 332794
162 scaffold-15 664314 827746
162 scaffold-92 2128 110577
163 scaffold-151 3606 36947
163 scaffold-151 151472 216667
9 scaffold-100 120157 547751
9 scaffold-20 3834327 3975525
357 scaffold-42 1604738 1716881
357 scaffold-89 1491774 1579541
356 scaffold-42 580462 622171
356 scaffold-7 2668710 2715783
355 scaffold-42 580462 592780
355 scaffold-53 564830 577160
354 scaffold-42 848412 886017
354 scaffold-42 894947 929088
353 scaffold-42 1665603 1688736
353 scaffold-42 1691057 1709991
352 scaffold-41 1687644 1735330
352 scaffold-931 10002 46965
351 scaffold-41 2374722 2562499
351 scaffold-89 529709 813850
350 scaffold-41 1272245 1342235
350 scaffold-41 1351535 1415752
359 scaffold-43 822468 937607
359 scaffold-63 2835622 2892051
358 scaffold-43 1501808 1596344
358 scaffold-43 1598056 1683374
216 scaffold-19 478378 565048
216 scaffold-26 1446309 1530056
217 scaffold-19 320041 457693
217 scaffold-26 1614607 1763963
214 scaffold-19 1906388 1955857
214 scaffold-191 124 55086
215 scaffold-19 654286 707125
215 scaffold-203 5985 53223
212 scaffold-189 130320 377399
212 scaffold-82 1384879 1594717
213 scaffold-19 353940 374554
213 scaffold-19 380643 422077
210 scaffold-188 264040 304105
210 scaffold-25 1222211 1246002
211 scaffold-188 242469 304105
211 scaffold-87 295135 382345
218 scaffold-19 343282 367313
218 scaffold-26 1690978 1720595
219 scaffold-19 963000 1161138
219 scaffold-3 168103 403721
289 scaffold-29 327162 394803
289 scaffold-50 72572 140765
288 scaffold-29 258828 272851
288 scaffold-41 2141761 2157715
4 scaffold-10 117052 135991
4 scaffold-10 187077 224586
281 scaffold-27 195195 328530
281 scaffold-72 60990 191859
280 scaffold-27 797449 931832
280 scaffold-27 933865 1106522
283 scaffold-28 178946 240388
283 scaffold-28 253709 287588
282 scaffold-27 475115 570747
282 scaffold-968 2869 79178
285 scaffold-29 1328110 1384118
285 scaffold-29 1396927 1463247
284 scaffold-28 469255 555825
284 scaffold-8 1407195 1479034
287 scaffold-29 279565 304020
287 scaffold-4 3632606 3655043
286 scaffold-29 1166323 1226041
286 scaffold-29 1239783 1361020
263 scaffold-23 2 90321
263 scaffold-63 1301561 1364608
262 scaffold-23 123142 363875
262 scaffold-63 1425224 1591623
261 scaffold-23 564012 753160
261 scaffold-27 475115 563248
260 scaffold-22 792870 825245
260 scaffold-62 749024 779806
267 scaffold-25 1406457 1444578
267 scaffold-25 1449513 1472166
266 scaffold-25 2103948 2133103
266 scaffold-25 2139209 2161990
265 scaffold-24 421704 503737
265 scaffold-70 89145 178345
264 scaffold-23 644428 753160
264 scaffold-968 12525 77147
269 scaffold-25 2600810 2653816
269 scaffold-39 844911 907393
268 scaffold-25 2823222 2981174
268 scaffold-31 249144 621134
59 scaffold-113 1636448 1756644
59 scaffold-5 1998747 2170565
58 scaffold-113 2938 195721
58 scaffold-33 405141 560035
55 scaffold-113 1693434 1771486
55 scaffold-137 30 70361
54 scaffold-113 679732 717865
54 scaffold-13 28 44486
57 scaffold-113 687204 912572
57 scaffold-31 81217 226522
56 scaffold-113 195721 306609
56 scaffold-142 551559 666543
51 scaffold-110 503108 542186
51 scaffold-183 4099 42368
50 scaffold-11 19366 398076
50 scaffold-7 2092105 2613651
53 scaffold-113 344633 612476
53 scaffold-124 294202 475111
52 scaffold-111 3727 59422
52 scaffold-4 1555963 1612384
63 scaffold-113 1055116 1093595
63 scaffold-939 4904 47922
115 scaffold-135 174378 202663
115 scaffold-15 1008598 1036746
114 scaffold-132 1 86598
114 scaffold-77 451160 556416
117 scaffold-137 24016 58386
117 scaffold-5 2052965 2170565
116 scaffold-137 55083 148827
116 scaffold-5 2236183 2398283
111 scaffold-131 670 45680
111 scaffold-33 3245835 3338190
110 scaffold-130 274027 329082
110 scaffold-78 742183 812992
113 scaffold-131 670 54546
113 scaffold-33 3242301 3328153
112 scaffold-131 8649 54546
112 scaffold-33 3234886 3324279
119 scaffold-138 6105 34390
119 scaffold-14 993507 1015301
118 scaffold-137 233085 307591
118 scaffold-9 699926 777971
429 scaffold-70 350421 389907
429 scaffold-912 1 35635
428 scaffold-7 2744172 2761358
428 scaffold-897 1651 18369
421 scaffold-68 241642 326149
421 scaffold-76 734159 824527
420 scaffold-67 861184 900209
420 scaffold-96 1348 57930
423 scaffold-7 3111946 3154750
423 scaffold-7 3161987 3213072
422 scaffold-7 873819 915271
422 scaffold-7 943868 983289
425 scaffold-7 1274781 1444311
425 scaffold-81 8818 86650
424 scaffold-7 2582996 2642851
424 scaffold-80 526753 559137
427 scaffold-7 3166453 3266579
427 scaffold-89 160883 189411
426 scaffold-7 2708900 2715769
426 scaffold-831 3414 15734
308 scaffold-32 575938 824141
308 scaffold-88 464613 621694
309 scaffold-32 879055 983371
309 scaffold-88 745851 884845
300 scaffold-31 520655 576812
300 scaffold-5 2938373 3045196
301 scaffold-31 1095879 1141552
301 scaffold-63 1007025 1140055
302 scaffold-31 1391626 1445149
302 scaffold-929 6983 45184
303 scaffold-31 625901 690893
303 scaffold-962 7534 73628
304 scaffold-32 7959 376788
304 scaffold-35 1020784 1352415
305 scaffold-32 1164178 1322668
305 scaffold-4 2149388 2313157
306 scaffold-32 1390636 1513732
306 scaffold-4 1874771 2105088
307 scaffold-32 1056993 1104301
307 scaffold-8 654432 694553
229 scaffold-197 14607 71476
229 scaffold-84 284031 342228
228 scaffold-196 1 12826
228 scaffold-41 2165476 2179682
227 scaffold-195 3071 56097
227 scaffold-63 194963 267577
226 scaffold-194 40645 93007
226 scaffold-48 1656570 1698436
225 scaffold-193 222 48672
225 scaffold-30 101284 152836
224 scaffold-190 38755 124654
224 scaffold-8 1389703 1481740
223 scaffold-190 261075 332749
223 scaffold-69 1032415 1184555
222 scaffold-190 1 223987
222 scaffold-28 353105 592514
221 scaffold-19 122200 297277
221 scaffold-56 433134 708409
220 scaffold-19 1221690 1305365
220 scaffold-47 917408 1009795
391 scaffold-54 240639 293820
391 scaffold-54 328491 394378
390 scaffold-53 2208437 2229526
390 scaffold-905 687 22046
151 scaffold-148 152803 246548
151 scaffold-185 920 105705
150 scaffold-147 364495 491321
150 scaffold-179 33916 119293
153 scaffold-149 294760 404270
153 scaffold-44 764249 915603
152 scaffold-149 527888 819087
152 scaffold-26 98952 354818
155 scaffold-149 453627 489346
155 scaffold-55 240662 273178
154 scaffold-149 1110348 1152731
154 scaffold-49 204169 235470
157 scaffold-15 1308874 1353210
157 scaffold-15 1377705 1445375
156 scaffold-149 779919 858057
156 scaffold-88 14776 71483
159 scaffold-15 827746 949844
159 scaffold-7 2656582 2793871
158 scaffold-15 1445375 1658474
158 scaffold-35 534779 733703
399 scaffold-59 1864382 1893837
399 scaffold-98 816 32128
398 scaffold-59 363892 399929
398 scaffold-964 44532 68960
48 scaffold-11 1019295 1276885
48 scaffold-35 1476062 1748171
49 scaffold-11 997137 1019055
49 scaffold-48 1411378 1445342
46 scaffold-109 13924 250423
46 scaffold-59 2272188 2345917
47 scaffold-11 1247808 1284295
47 scaffold-20 726185 777681
44 scaffold-108 784374 858929
44 scaffold-29 684059 715310
45 scaffold-109 122153 198659
45 scaffold-46 797316 870097
42 scaffold-107 257290 269495
42 scaffold-57 1069991 1082093
43 scaffold-108 48050 560454
43 scaffold-19 621977 930181
40 scaffold-106 1115855 1146817
40 scaffold-926 9718 41473
41 scaffold-106 921035 992901
41 scaffold-960 728 71471
5 scaffold-10 151339 195469
5 scaffold-10 207541 254260
